# File: dark

# Purpose: 
#
#	This file contains a table of palette indexes used to "darken"
#	an icon, producing the same "light" effect that certain
#	feature icons have. Currently, this file is read in from the
#	C level (its location and format is hard-coded).
#

#
# Copyright (c) 1997-2009 Tim Baker
#
# This software may be copied and distributed for educational, research, and
# not for profit purposes provided that this copyright and statement are
# included in all such copies.
#

# Dark 1
246  44  45  46  47  47  49  50  51  52  53  53  55  56  57  58 
 59  59  61  62  63  64  65  65  67  68  69  70 216 216  67  68 
 69  70 216 216  79  80  81  82  83  83  85 248  87  88  89  89 
 91  92  93  94  95  95  97  98  99 100 101 101 103 104 105 106 
218 218 103 104 105 106 218 218 115 116 117 118 119 119 121 122 
123 124 125 125 127 128 250 130 131 131 133 134 135 136 137 137 
139 140 141 142 220 220 139 140 141 142 220 220 151 152 153 154 
155 155 157 158 159 160 161 161 163 164 165 166 167 167 169 170 
171 252 173 173 175 176 177 178 222 222 175 176 177 178 222 222 
187 188 189 190 226 226 193 194 195 196 228 228 199 200 201 202 
230 230 205 206 207 208 232 232 236 238 240 242 254 224 236 238 
240 242 224 224 187 188 189 190 226 226 193 194 195 196 228 228 
199 200 201 202 230 230 205 206 207 208 232 232 236 238 240 242 
234 234 236 238 240 242 244  71 217 107 219 143 221 179 223 255 
255 191 227 197 229 203 231 209 233 255 255 211 237 212 239 213 
241 214 243 255 255  43 247  86 249 129 251 172 253 255 255 255 

# Dark 2
247  87  88  89  89  89  92  93  94  95  95  95  98  99 100 101 
101 101 104 105 106 218 218 218 104 105 106 218 217 217 104 105 
106 218 217 217 122 123 124 125 125 125 128 249 130 131 131 131 
134 135 136 137 137 137 140 141 142 220 220 220 140 141 142 220 
219 219 140 141 142 220 219 219 158 159 160 161 161 161 164 165 
166 167 167 167 170 171 251 173 173 173 176 177 178 222 222 222 
176 177 178 222 221 221 176 177 178 222 221 221 194 195 196 228 
228 228 200 201 202 230 230 230 206 207 208 232 232 232 238 240 
242 253 224 224 238 240 242 224 223 223 238 240 242 224 223 223 
194 195 196 228 227 227 200 201 202 230 229 229 206 207 208 232 
231 231 238 240 242 234 233 233 237 239 241 243 255 255 237 239 
241 243 255 255 194 195 196 228 227 227 200 201 202 230 229 229 
206 207 208 232 231 231 238 240 242 234 233 233 237 239 241 243 
255 255 237 239 241 243 255 218 107 220 143 222 179 224 255 255 
255 228 197 230 203 232 209 234 255 255 255 238 212 240 213 242 
214 244 255 255 255 248  86 250 129 252 172 254 255 255 255 255 

# Dark 3
 86 130 131 131 131 131 135 136 137 137 137 137 141 142 220 220 
220 220 141 142 220 219 219 219 141 142 220 219 107 107 141 142 
220 219 107 107 165 166 167 167 167 167 171 129 173 173 173 173 
177 178 222 222 222 222 177 178 222 221 221 221 177 178 222 221 
143 143 177 178 222 221 143 143 201 202 230 230 230 230 207 208 
232 232 232 232 240 242 172 224 224 224 240 242 224 223 223 223 
240 242 224 223 179 179 240 242 224 223 179 179 201 202 230 229 
229 229 207 208 232 231 231 231 240 242 234 233 233 233 239 241 
243 255 255 255 239 241 243 255 255 255 239 241 243 255 255 255 
201 202 230 229 197 197 207 208 232 231 203 203 240 242 234 233 
209 209 239 241 243 255 255 255 212 213 214 255 255 255 212 213 
214 255 255 255 201 202 230 229 197 197 207 208 232 231 203 203 
240 242 234 233 209 209 239 241 243 255 255 255 212 213 214 255 
255 255 212 213 214 255 255 219 220 221 222 223 224 255 255 255 
255 229 230 231 232 233 234 255 255 255 255 239 240 241 242 243 
244 255 255 255 255 249 250 251 252 253 254 255 255 255 255 255 

