  0   0   0
  0   0  41
  0   0  82
  0   0 106
  0   0 164
  0   0 180
  0   0 205
  0   0 230
  0   0 255
  0   8   0
  0  16 139
  0  24 106
  0  32   0
  0  41 205
  0  49   0
  0  49  49
  0  49 255
  0  57 106
  0  57 172
  0  74   0
  0  82 139
  0  98   0
  0  98  32
  0  98 205
  0  98 255
  0 115   0
  0 123  98
  0 123 148
  0 131   0
  0 131 230
  0 148   0
  0 156  74
  0 156 180
  0 164   0
  0 180 255
  0 205   0
  0 205 205
  0 230   0
  0 230  74
  0 255   0
  0 255 255
 16   8   0
 16 156   0
 24  65 115
 24  98   0
 24 139   0
 32   0   0
 32   8  32
 32  32  32
 32  32 115
 32 115 115
 41  16 197
 41  41  41
 41  57 222
 41  98 255
 41 106 148
 41 148 230
 41 180 255
 41 230  65
 49   0   0
 49  24  98
 49  74  98
 49  98  98
 49  98 205
 49 115  41
 49 139 148
 49 156   0
 49 156  74
 49 156 180
 49 197   0
 49 205 180
 49 230   0
 57  57  57
 57  98   0
 65   0   0
 65  57 156
 65  65  16
 74   0 156
 74  41   0
 74  74  74
 74 115 156
 82   0   0
 82  57   8
 82  82  82
 82 123 197
 82 164 197
 82 197 197
 90 172  16
 98   0   0
 98   0  49
 98   0 205
 98  49   0
 98  49 230
 98  57   0
 98  57  41
 98  74   0
 98  98  49
 98  98  98
 98 106 148
 98 115 255
 98 148   0
 98 156  74
 98 156 156
 98 164 255
 98 205  98
 98 205 156
 98 205 255
 98 213 255
 98 230   0
 98 230  41
 98 255 180
 98 255 255
106   8  16
106  24 123
106  74   0
106  98   0
106 106 106
115   0   0
115  57   0
115 115 115
123  65  65
123  74   8
123 123  65
131   0   0
131  90  41
131 131 131
139  74   0
139  90   0
139 139 139
139 156 180
139 205   0
148   0   0
148   0 230
148  24 123
148  49   0
148 106   0
148 148   0
148 156 230
148 205 255
148 238 230
156   0  49
156  49  49
156  49 180
156  82  32
156  98   0
156  98 180
156 115  74
156 156  49
156 156  98
156 156 156
156 164  74
156 205  49
156 230  98
156 230 156
156 255   0
164   0   0
164   0 164
164  57   0
164 106 106
164 115   0
164 123  16
164 164 115
164 197 213
172 115  41
172 123  74
180   0   0
180  74   0
180 180 180
197 156  82
197 156 106
205   0   0
205   0  49
205  16   0
205  24  98
205  24 230
205  41   0
205  49  49
205  74   0
205  98   0
205  98  49
205  98  98
205  98 205
205  98 255
205 148   0
205 156  49
205 156 156
205 156 205
205 205   0
205 205  49
205 205 205
205 205 255
205 230 106
205 230 156
205 238 255
205 255 205
213 106   0
222   8   0
222 180 148
222 205 106
222 222 222
230   8   0
230  24 156
230  98 156
230 172 123
230 205 205
230 230 230
230 238 246
238 123  16
238 148   0
238 164   8
238 164  82
238 172  24
246  16   0
246  41   0
246  41  16
246  49  41
246  74  41
255   0   0
255   0  49
255  24  82
255  90   0
255  98  49
255  98  98
255 148  41
255 156   0
255 156 156
255 156 230
255 164  98
255 189  41
255 189 139
255 197  16
255 205  49
255 205  98
255 205 148
255 213 115
255 222 148
255 230  24
255 230 197
255 238  90
255 238 148
255 246 205
255 255   0
255 255 148
255 255 189
255 255 255
  0   0   0
  0   0   0
  0   0   0
  0   0   0
  0   0   0
  0   0   0
  0   0   0
  0   0   0
  0   0   0
  0   0   0
  0   0   0

